3
28
33
34
42
64
92
150
200
210
245
270
275
287
293
305
1014
1033
1043
1080
1084
1086
1133
1137
1163
1168
1189
1230
1252
1258
1328
1332
1338
1378
1405
1414
1431
1438
1460
1477
1498
1501
1511
1537
1540
1546
1555
1560
1579
1580
1615
1622
1639
1655
1696
1726
1732
1737
1755
1768
1775
1782
1796
1801
1802
1807
1813
1816
1817
1846
1880
1883
1884
1889
1890
1892
1896
1897
1900
1901
1905
1920
1921
1938
1942
1944
1945
1947
1956
1959
1973
1980
1981
2005
2008
2012
2015
2018
2019
2020
2025
2045
2047
2053
2055
2066
2069
2090
2095
2106
2108
2113
2121
2125
2131
2135
2143
2164
2169
2170
2183
2186
2192
2195
2210
2219
2224
2225
2231
2238
2241
2255
2261
2265
2266
2268
2273
2275
2282
2289
2293
2295
2296
2299
2304
2305
2306
2307
2308
2313
2323
2326
2328
2334
2335
2352
2353
2356
2360
2361
2362
2363
2364
2367
2374
2375
2387
2397
2403
2410
2414
2416
2422
2430
2432
2434
2438
2442
2447
2454
2473
2474
2487
2502
2507
2512
2520
2545
2556
2570
2586
2589
2594
2600
2607
2617
2622
2643
2651
2658
2664
2667
2670
2680
2684
2691
2708
2712
2716
2723
2725
2726
2732
2742
2743
2744
2751
2753
2762
2764
2770
2771
2781
2783
2785
2799
2816
2817
2824
2825
2829
2838
2847
2848
2854
2861
2873
2884
2895
2900
2903
2906
2911
2912
2919
2923
2928
2932
2935
2942
2946
2959
2973
2976
2982
2988
2992
2995
2996
3029
3035
3042
3044
3047
3050
3076
3077
3081
3107
3120
3142
3145
3148
3164
3178
3180
3186
3205
3206
3214
3215
3223
3228
3245
3246
3280
3288
3290
3291
3293
3297
3305
3311
3316
3322
3375
3389
3407
3416
3422
3433
3444
3460
3469
3483
3488
3489
3490
3494
3498
3530
3542
3545
3554
3569
3570
3588
3595
3603
3666
3696
3709
3734
3759
3762
3769
3790
3844
3861
3884
3885
3904
3937
4004
4046
4067
4149
4183
4192
4193
4194
4209
4227
4230
4232
4242
4245
4298
4320
4396
4399
4416
4426
4435
4436
4438
4443
4447
4466
4468
4490
4509
4512
4515
4523
4546
4547
4551
4553
4561
4564
4582
4583
4589
4591
4592
4597
4608
4611
4616
4617
4621
4624
4625
4628
4641
4650
4653
4658
4675
4702
4709
4716
4720
4723
4729
4730
4734
4748
4751
4756
4761
4766
4771
4784
4785
4786
4788
4791
4795
4800
4816
4826
4833
4848
4856
4859
4869
4873
4877
4880
4885
4897
4912
4915
4918
4924
4930
4935
4949
4952
4957
4969
4976
5020
5024
5029
5030
5037
5038
5040
5042
5052
5053
5068
5070
5071
5078
5083
5084
5089
5101
5104
5107
5119
5121
5124
5126
5128
5135
5136
5139
5143
5151
5155
5162
5167
5172
5177
5185
5186
5187
5190
5202
5208
5214
5216
5233
5237
5242
5243
5245
5253
5256
5258
5262
5263
5267
5287
5290
5294
5297
5303
5304
5305
5312
5314
5316
5321
5323
5326
5329
5333
5339
5341
5342
5343
5346
5350
5351
5356
5357
5372
5376
5384
5386
5387
5392
5395
5402
5405
5416
5420
5427
5432
5433
5438
5440
5453
5455
5464
5473
5487
5503
5526
5545
5566
5575
5585
5594
5599
5602
5653
5660
5689
5768
5811
5853
5881
6163
6176
6203
6223
6227
6316
6349
6361
6383
6385
6404
6472
6481
6516
6517
6557
6580
6588
6593
6615
6662
6713
6732
6803
6813
6827
6836
6839
6854
6859
6868
6881
6890
6912
6920
6939
6942
6982
6996
7021
7025
7039
7040
7042
7044
7047
7055
7070
7075
7076
7080
7084
7086
7091
7095
7107
7110
7111
7126
7128
7129
7133
7135
7140
7149
7150
7153
7156
7157
7162
7171
7175
7184
7208
7225
7235
7252
7273
7279
7328
7341
7344
7345
7365
7366
7369
7372
7378
7381
7433
7434
7435
7439
7448
7456
7468
7471
7475
7478
7492
7522
7523
7525
7550
7551
7567
7586
7593
7599
7600
7602
7606
7611
7623
7630
7642
7669
7675
7682
7698
7720
7742
7764
7780
7798
7810
7828
7862
7907
7911
7915
7960
7992
7995
8001
8022
8024
8041
8052
8119
8135
8136
8181
8184
8187
8188
8198
8203
8204
8211
8220
8248
8273
8306
8313
8314
8318
8365
8389
8405
8408
8415
8432
8435
8498
8501
8504
8618
8632
8648
8652
8664
8691
8703
8706
8724
8725
8753
8767
8798
8808
8823
8847
8849
8870
8879
8893
8896
8902
8903
8907
8916
8927
8960
8963
8965
8973
8996
8997
9013
9023
9028
9036
9051
9053
9065
9076
9082
9083
9087
9101
9106
9109
9112
9162
9174
9179
9195
9200
9222
9237
9266
9267
9275
9279
9286
9289
9296
9303
9304
9314
9323
9328
9338
9339
9346
9352
9356
9357
9368
9369
9374
9375
9379
9381
9385
9387
9395
9398
9401
9405
9406
9408
9410
9412
9416
9418
9419
9421
9427
9428
9435
9436
9440
9443
9445
9452
9454
9461
9465
9467
9468
9483
9485
9486
9488
9491
9492
9497
9503
9521
9524
9529
9536
9537
9539
9540
9545
9550
9553
9555
9556
9557
9559
9561
9565
9569
9570
9575
9579
9583
9585
9589
9603
9611
9615
9617
9624
9628
9631
9634
9636
9643
9645
9646
9659
9662
9670
9689
9694
9706
9713
9716
9721
9725
9726
9728
9732
9743
9744
9745
9747
9759
9764
9765
9768
9769
9777
9785
9786
9788
9794
9797
9799
9802
9804
9805
9806
9808
9815
9823
9828
9841
9848
9873
9878
9886
9897
9909
9916
9929
9930
9933
9946
9951
9954
9989
10007
10008
10012
10015
10019
10025
10031
10034
10038
10047
10056
10066
10069
10076
10083
10084
10090
10096
10098
10100
10107
10110
10114
10115
10118
10119
10125
10143
10151
10158
10168
10170
10171
10186
10188
10193
10198
10203
10210
10211
10218
10246
10263
10267
10272
10274
10283
10284
10287
10289
10291
10294
10324
10330
10332
10333
10344
10350
10364
10374
10380
10387
10391
10403
10407
10445
10453
10456
10469
10484
10489
10493
10494
10496
10502
10503
10525
10527
10530
10533
10534
10552
10562
10583
10593
10594
10601
10605
10607
10611
10612
10621
10625
10634
10647
10649
10650
10656
10663
10667
10668
10693
10715
10730
10741
10757
10785
10786
10793
10846
10857
10859
10864
10868
10874
10905
10920
10934
10938
10961
10966
10970
10980
10987
11047
11052
11116
11128
11137
11157
11159
11198
11199
11202
11204
11210
11214
11229
11233
11242
11243
11263
11276
11281
11297
11314
11323
11339
11340
11342
11344
11345
11348
11363
11371
11372
11375
11389
11431
11449
11452
11453
11457
11459
11473
11497
